chr1	pos1	dir1	chr2	pos2	dir2	cluster0	cluster1	cluster2	cluster3
chr1	15747900	-	chr1	16142925	+	0.0171476974375331	0.953745039599074	0.0269059804471806	0.00220128251621716
chr1	15850780	+	chr1	15899038	-	2.93356561499787e-43	7.49253230841291e-11	4.94322095531098e-05	0.999950567715525
chr1	15904254	+	chr1	15905564	-	2.1672919237675e-55	1.13242160032594e-15	1.93259436860892e-07	0.999999806740552
chr1	21061742	+	chr1	21078409	-	1.52852102574359e-18	5.35356200220624e-05	0.00522977223109554	0.994716692148871
chr1	27432275	+	chr1	27585874	-	3.22528360102368e-23	3.8874133351076e-06	0.00190712144855006	0.998088991138121
chr1	35183852	+	chr1	35184826	-	3.58559443279259e-33	1.14188097226502e-06	0.0065857567170641	0.993413101401964
chr1	55156351	+	chr1	55158510	-	1.03229572706379e-56	1.5524696339244e-16	6.09499302172632e-08	0.999999939050072
chr1	58449697	-	chr1	58660435	+	5.56760069789305e-06	0.999893112984072	0.000101319326126792	8.91046135757319e-11
chr1	77709923	+	chr1	77939114	-	2.54204506206514e-16	0.0638107592132101	0.462007123509145	0.474182117277647
chr1	77728686	+	chr1	77941196	-	1.52782591631748e-10	0.914652764391046	0.0847087760054258	0.000638459450749711
chr1	78011501	+	chr1	78015272	-	0.0132100359623668	0.986550304207367	0.00023965572539403	4.10487242498131e-09
chr1	84052280	+	chr10	108142932	-	8.66862998592027e-07	0.317437188978554	0.208869533723152	0.473692410435289
chr1	102259973	-	chr4	147975379	+	0.0010369625044504	0.955800076087423	0.0389410334816844	0.00422192792644494
chr1	104859822	-	chr4	63497100	+	4.61707142186634e-10	0.082957242273119	0.165498659993595	0.751544097271565
chr1	107586198	+	chr1	107588586	-	1.3257915748612e-14	0.000930167938745007	0.0187679038133506	0.980301928247901
chr1	151094135	-	chr1	186235167	+	2.63051667625023e-27	2.94897780613786e-07	0.000654160900693739	0.999345544201516
chr1	151748466	-	chr1	152514036	+	0.0221006174578754	0.821571902441607	0.0850650453986021	0.0712624347019216
chr1	151785479	-	chr1	151891029	+	1.54589197929491e-10	0.00837794471707509	0.0406344861686851	0.950987568959651
chr1	151881621	-	chr1	152850410	+	2.71135126998203e-07	0.992334886754124	0.00765255483213961	1.2287278607425e-05
chr1	151886138	+	chr17	41728997	+	9.26660828474453e-06	0.625841268378383	0.182058029020184	0.192091435993154
chr1	151946006	-	chr1	152056098	+	1.82505137047196e-63	5.90405831892108e-11	0.00148693436491835	0.998513065576041
chr1	151984106	-	chr1	152503605	+	0.000234089928707702	0.987593255104431	0.0119863327130557	0.000186322253815799
chr1	186121827	-	chr1	186233796	-	4.8269781905892e-21	0.000170780448088865	0.016097108680919	0.983732110871014
chr1	152038992	-	chr1	187093330	+	0.999418420467712	0.00058151367644035	6.58426480827372e-08	1.31904771896242e-11
chr1	186230228	+	chr1	186235579	-	2.65898540582452e-15	0.00211260076101491	0.0339294083270166	0.963957990911955
chr1	186255650	+	chr18	25736425	-	2.37027096518852e-119	5.05216026416097e-29	1.7707261714171e-11	0.999999999982265
chr1	189132744	-	chr1	189224782	-	1.36779698024936e-116	2.52300234788147e-24	1.02841349532365e-07	0.999999897158665
chr1	189148304	+	chr1	189282131	-	1.44677277260439e-35	0.890807447439401	0.109192552421342	1.39244660675498e-10
chr1	152450385	-	chr17	42029011	-	0.00042906550387921	0.999536519060489	3.44154164771244e-05	1.91571921881387e-11
chr1	189290884	+	chr18	26314565	+	8.8961135425764e-138	4.07981569869595e-39	3.48569485765345e-17	1
chr1	189461646	+	chr1	193128466	-	3.94338359402589e-120	2.88751282713022e-31	7.84064579360781e-13	0.999999999999204
chr1	190084819	-	chr1	190118926	-	1.19383672287325e-125	3.17405442423075e-21	0.000856306527454455	0.999143693472558
chr1	196705039	-	chr13	111458682	+	9.16596988777812e-35	8.50649907626608e-10	4.07684037959827e-05	0.999959230745541
chr1	152650031	-	chr19	29043854	+	1.98317902959153e-08	0.940298728252392	0.0575435328798533	0.00215771903595574
chr1	155115466	-	chr1	155145562	-	0.757529263273382	0.241074184379204	0.00136192419000811	3.4628157398977e-05
chr1	198277176	-	chr4	107573763	+	1.98205518433109e-70	2.03189563326164e-12	0.000952153717455946	0.999047846280493
chr1	155129470	+	chr1	155145690	+	0.999862595935958	0.000137338731448062	6.51772508176245e-08	1.55342293404056e-10
chr1	155145589	+	chr1	156864312	+	0.023446733809642	0.957411071691659	0.0179420820763546	0.00120011242233465
chr1	155831839	-	chr1	161753432	+	1.60074149595023e-10	0.00564734070248494	0.0315250815677802	0.962827577569664
chr1	163095572	+	chr13	62019216	-	2.1197014975788e-19	0.000456240122448925	0.0372093768945333	0.962334382983008
chr1	208097534	+	chr1	208167579	-	1.62227061279032e-116	2.29804195018142e-34	6.22233465538877e-15	1
chr1	164786302	-	chr1	164986197	-	1.85241454047006e-07	0.91693283810815	0.0771002911177966	0.00596668553260852
chr1	220673559	-	chr1	221027917	+	7.16173571565654e-23	2.57149845061768e-06	0.00136838903758784	0.998629039463972
chr1	171492868	+	chr1	171501100	-	0.00445818429524315	0.947628708784106	0.0409628464750958	0.00695026044555845
chr1	223890331	-	chr19	30202539	+	6.46171513199871e-13	0.620507930793312	0.329451410127158	0.0500406590788938
chr1	228187700	-	chr1	230598581	+	7.59341615388804e-07	0.964090247747974	0.0351576584121486	0.000751334498266429
chr1	180049794	+	chr1	180102170	-	0.972446472008463	0.0275283636878174	2.51071307644658e-05	5.71729606290387e-08
chr1	235643644	+	chr1	246263865	-	7.1237503537216e-17	0.000129557448844906	0.00711220236643378	0.992758240184721
chr1	180549188	-	chr1	180556469	-	1.8022796974427e-13	0.0675290399002646	0.234333238158544	0.698137721941004
chr1	180680368	+	chr1	180824680	-	0.964655596529815	0.035091811715675	0.000240949041025868	1.16427134870872e-05
chr2	20172640	+	chr19	37807907	+	0.999999238827575	7.61163376903739e-07	9.03608888560572e-12	2.21044866334668e-16
chr2	20301952	+	chr2	20331704	-	9.16133488963521e-34	9.95554056477607e-08	0.000966075345271545	0.999033825099347
chr2	35608151	-	chr22	28669579	+	2.48984226485351e-23	0.000531773987435561	0.056279776251497	0.943188449761069
chr1	180853439	+	chr1	180855308	-	0.000169592547960689	0.742993892329581	0.136162126957487	0.120674388164973
chr2	38579065	+	chr2	38804691	-	1.36854760679374e-05	0.685807802650261	0.168783943762523	0.145394568111148
chr2	39170552	+	chr2	39289190	-	9.72420742915465e-11	0.0318617399912634	0.100360388199972	0.867777871711523
chr1	181333199	+	chr1	181337725	+	2.69674250446729e-08	0.990237319730605	0.00975268188528699	9.97141668395182e-06
chr2	53537965	+	chr2	53539243	-	2.2117361438195e-09	0.909782951613532	0.0881939814275203	0.00202306474721285
chr2	53540235	+	chr2	53545557	-	4.93088801306387e-10	0.0719846565414013	0.15388199923291	0.774133343732592
chr2	61331593	+	chr2	61381397	-	0.827718273525941	0.170223369996043	0.00191754601012782	0.000140810467885357
chr1	181338521	-	chr17	67375427	+	2.77568812148434e-55	1.59641800012489e-12	2.74382399408749e-05	0.999972561758473
chr1	182450747	-	chr17	34634735	+	1.74693000723258e-09	0.996716063424197	0.00328336863736645	5.66191499827785e-07
chr2	72378849	-	chr2	72393722	-	6.6289027877117e-22	0.012066276799033	0.427284189674114	0.56064953352686
chr2	72384748	-	chr2	72390031	-	2.94135562342416e-16	0.00454853231891712	0.0713085148049426	0.924142952876146
chr2	78774524	+	chr2	152030307	-	3.3624966429866e-07	0.677438623786317	0.210950127453711	0.111610912510316
chr2	84674549	+	chr2	85000558	-	4.4907249790052e-17	0.000854436121020617	0.028055839564238	0.971089724314731
chr2	96184206	-	chr2	191556343	+	2.30274699863528e-54	3.53863908279849e-13	9.06343082585354e-06	0.999990936568825
chr2	100497362	-	chr2	181187679	+	1.04858251847379e-06	0.419126133774859	0.216979512206904	0.363893305435712
chr2	100513880	+	chr2	181184166	-	5.55543071573649e-06	0.956961919938256	0.0411399857895701	0.00189253884145221
chr2	100669426	-	chr2	103272215	+	5.08791268617383e-05	0.964040987013686	0.034439445792261	0.00146868806719525
chr2	100682303	-	chr2	181186795	+	3.78817575133639e-12	0.492734264537203	0.393921497369162	0.113344238089844
chr2	103271836	+	chr2	103275825	+	0.999998993056787	1.00693669296437e-06	6.51592911782898e-12	3.81668702287166e-17
chr2	148043325	+	chr2	148166767	-	0.850279155142558	0.149440079538817	0.000279460703274467	1.30461535040243e-06
chr2	159776059	+	chr2	160374231	-	5.19320001972316e-08	0.499628792560207	0.256671713471747	0.243699442036056
chr2	160341097	+	chr2	160348104	-	1.04188407954043e-45	2.39462660763841e-12	6.82831537254896e-06	0.999993171682242
chr2	181187674	-	chr2	182165109	+	0.0294865409058788	0.873429481731723	0.0640154432220793	0.0330685341403241
chr2	182165279	+	chr2	182166351	-	0.000182518852710847	0.93414118345682	0.0562650022687182	0.00941129542174711
chr2	182311950	-	chr6	35352037	-	9.78201500540361e-14	0.408500623081894	0.451035800834479	0.140463576083523
chr2	182324856	+	chr2	182328046	+	8.84944238527304e-05	0.920285433258559	0.0664728019794705	0.0131532703381244
chr2	185527502	+	chr2	185806882	-	0.00812378360919262	0.94742125816324	0.0380573407164861	0.00639761751107885
chr2	197440819	-	chr2	200488820	+	1.26103533233574e-22	4.44903904124919e-06	0.00189917839273577	0.998096372568214
chr2	233748060	-	chr2	233907745	+	5.61807080750381e-26	0.970894460421394	0.0291055395277395	5.08637619352031e-11
chr3	3811033	+	chr3	6955601	-	0.000255124999301246	0.88218073912874	0.085888821412728	0.0316753144592252
chr3	3835649	+	chr3	3838103	-	0.999986416380382	1.35760336349696e-05	7.55243561053919e-09	3.3548752473362e-11
chr3	6774070	-	chr19	30135027	+	7.38610077262099e-18	0.000223160143886764	0.011367154530118	0.988409685325968
chr3	7301854	-	chr3	46888447	+	1.6189847078941e-12	0.152271642382579	0.332647288405377	0.515081069210436
chr3	7367262	+	chr9	124424333	+	3.17514547086916e-06	0.987008768233849	0.0129120359898091	7.60206308782657e-05
chr3	9049389	+	chr3	9060534	-	5.07553874234194e-25	0.999998509478618	1.49052139206383e-06	1.64130773589328e-20
chr3	11308982	+	chr3	11319305	-	5.45122842541076e-31	0.00408206452282213	0.531614417325745	0.464303518151415
chr3	12119584	-	chr3	12120583	-	6.24137878166695e-30	0.0888662614296312	0.89457476110453	0.0165589774658734
chr3	12205007	-	chr10	75587961	-	2.44771184134221e-15	0.998903547149329	0.00109645232858251	5.22074550719382e-10
chr3	12205727	-	chr10	75468515	-	7.79944413406752e-36	4.13860411303326e-09	0.00014658861934831	0.99985340724206
chr3	18476546	-	chr3	20009533	+	9.31540429170977e-48	3.45601908309715e-11	5.12189655025863e-05	0.999948780999963
chr3	27118597	-	chr22	45657689	+	2.51681702442588e-40	2.98653081431465e-11	1.18640232200167e-05	0.999988135946928
chr3	27557096	+	chr3	27742547	-	0.0171863789117365	0.923151136674434	0.0469687369211422	0.0126937474926923
chr3	37531874	+	chr3	37686204	-	1.22193157023294e-16	0.0041044479401309	0.0735291153446195	0.922366436715246
chr3	37603216	-	chr17	30631708	+	6.40857881624928e-35	0.000160947605950514	0.343929840095041	0.655909212299013
chr3	46826530	-	chr17	31769522	-	3.0273327993127e-35	0.00331148740830807	0.90488107721633	0.0918074353753799
chr3	46984983	+	chr3	47398907	-	2.07227807579034e-19	0.000160165082693453	0.0118486023184043	0.987991232598902
chr3	48710139	+	chr3	48989039	-	4.7896741937966e-77	1.65179260745098e-17	1.33020135517847e-06	0.999998669798661
chr3	65927206	-	chr3	65933552	+	0.0484780727701092	0.944847391198746	0.00659356928518692	8.09667459528438e-05
chr3	71234061	+	chr3	71495319	-	6.22284123187663e-06	0.877530560687953	0.103273359594509	0.0191898568763023
chr3	72946048	+	chr3	73001740	-	4.27323163720829e-27	1.38214470781604e-07	0.000403219113640356	0.999596642671894
chr3	96397949	+	chr8	25090688	-	0.999999871252521	1.28747336023507e-07	1.4129820741348e-13	3.56386449553441e-20
chr3	100224386	-	chr8	25090165	+	0.999916895062752	8.31046128623006e-05	3.24392478620244e-10	1.90125396462856e-16
chr3	136156690	+	chr3	136733914	-	2.41620804316828e-05	0.658729053204638	0.16760891724292	0.173637867472024
chr3	136738987	+	chr3	136744791	-	3.62167696932127e-33	1.18737134592738e-05	0.0334228881382752	0.966565238148267
chr3	141531279	+	chr3	141545809	-	1.04109468429936e-11	0.00361326531240129	0.0284193589674113	0.96796737570978
chr3	144042777	+	chr3	144080352	-	3.64297549962282e-22	0.0113648592459855	0.424664006176072	0.563971134577955
chr3	161479932	+	chr3	161486680	-	0.000429229545033223	0.880285970289911	0.085965558335174	0.033319241829868
chr3	177181765	+	chr3	177210745	-	7.9921434159301e-10	0.0222469991835924	0.0691010157701923	0.908651984246998
chr4	1921521	+	chr4	2351394	-	2.54043138115269e-34	1.39940481847947e-09	5.97983599331491e-05	0.999940200240654
chr4	39828242	+	chr4	40138509	-	0.999995477143241	4.5226287480058e-06	2.2798342428914e-10	2.33962314522531e-14
chr4	56706138	-	chr4	56759304	-	0.00117349827850496	0.983269595316205	0.0152147570955065	0.000342149309788095
chr4	56749070	+	chr4	61121129	-	0.999999782976767	2.17023155437264e-07	7.28347896540428e-14	1.47277622618624e-21
chr4	58747129	-	chr4	59370868	+	0.302210161943564	0.676872951560506	0.0179957403355424	0.00292114616038424
chr4	77644221	+	chr4	78448187	-	0.999961012059589	3.89791507242307e-05	8.78355272350988e-09	6.13113831875547e-12
chr4	83134924	+	chr22	49783389	-	4.79758625876784e-10	0.860721341723914	0.132843745746818	0.0064349120495226
chr4	86189982	+	chr4	86591165	-	5.90492430967949e-44	2.64625685801291e-12	8.02874304046614e-06	0.999991971254318
chr4	86683216	-	chr11	84429510	+	2.20840570127782e-05	0.919981921103075	0.0708572309288603	0.00913876391105677
chr4	91489572	+	chr4	91601366	-	0.958520824083252	0.0413755127286445	0.000102863764939518	7.99423167503494e-07
chr4	98980012	+	chr4	99325090	-	0.801256582611936	0.198392439968993	0.000349824861102558	1.15255797260658e-06
chr4	106748603	-	chr13	31124669	+	8.11104079866473e-49	0.000512949348915868	0.999469038318488	1.80123325974838e-05
chr4	114004655	-	chr11	65200632	+	1.75816187425142e-08	0.419725557727901	0.268160344599015	0.312114080091459
chr4	115090916	+	chr4	170122691	-	0.947845221912287	0.0521523636747141	2.41439071964905e-06	2.22728993770384e-11
chr4	116019985	-	chr4	185807135	-	3.61022367261245e-06	0.970169343980679	0.0291932636852476	0.000633782110412086
chr4	116031107	+	chr4	170141240	-	0.0849293134025603	0.912696092430219	0.00236757821871349	7.01594850305651e-06
chr4	133676650	+	chr8	134070387	+	7.51753475417487e-20	0.00139579005526964	0.0631658321779328	0.935438377766809
chr4	145708741	-	chr4	170142189	+	1.99473738849208e-08	0.804325545230542	0.168902783558619	0.0267716512634649
chr4	155073824	-	chr4	174464545	-	0.0610484780757839	0.932790820287408	0.00608229333189832	7.84083049051947e-05
chr4	155790704	+	chr4	182835892	-	0.996248079220292	0.00374964487050056	2.2721102753017e-06	3.79893228509664e-09
chr4	170547197	-	chr4	171302130	+	0.000169782664754135	0.770123699729352	0.13242472117016	0.0972817964357339
chr4	170853840	-	chr4	170978632	+	7.12590905069609e-07	0.13395376069856	0.133500176992608	0.732545349717923
chr4	171041816	-	chr4	171304976	-	2.03587084877429e-12	0.0268934026906017	0.117963594142528	0.855143003164827
chr4	171300294	+	chr4	171525195	+	0.524962157456343	0.470100430731349	0.00472271698227972	0.000214694830032193
chr4	171570463	-	chr4	171842662	-	6.41796205972399e-05	0.818204585953182	0.121517788270928	0.0602134461552927
chr4	176771652	+	chr11	50409537	-	0.00101764941505409	0.948524000234106	0.0450982493919732	0.00536010095886023
chr4	176827507	-	chr4	179176613	+	0.000519364787600623	0.589336591719229	0.151789868506319	0.258354174986851
chr5	39793933	-	chr7	125436630	+	4.75014855837827e-06	0.766119514271083	0.155178869096688	0.0786968664836628
chr5	45675593	-	chr5	45872889	-	1.77252379858479e-10	0.869860194683138	0.125280227565268	0.00485957757433651
chr5	65912807	-	chr5	65921088	+	1.72886770566001e-13	0.0163485692417087	0.109710219878011	0.873941210880122
chr5	67083283	+	chr5	67183759	-	4.33987023019816e-27	9.73310537648066e-05	0.0950259141101988	0.904876754836042
chr5	69166681	+	chr5	69169678	-	0.309622725525502	0.688663447453625	0.00170749626634974	6.33075452504832e-06
chr5	130581634	+	chr5	130595800	-	0.532262227998761	0.466993000275722	0.000743122575056847	1.64915046090855e-06
chr5	133415516	-	chr11	59789651	+	1	6.17697499428638e-17	4.66952190037607e-33	8.93594774441232e-57
chr5	133416158	+	chr11	61494610	-	0.00231912414419828	0.98580208205514	0.0116768340407472	0.000201959759911369
chr6	5201541	+	chr6	5322482	-	6.49408712793311e-14	0.00160083112337296	0.0236024326295637	0.974796736246999
chr6	7184706	+	chr6	7214655	-	1.11260534678851e-06	0.487600978112496	0.21317492261451	0.299222986667661
chr6	38588591	+	chr6	42765389	-	2.00654191941799e-134	2.99093623927774e-32	1.03083244667094e-11	0.999999999989711
chr6	43395371	+	chr6	43419100	-	3.26345820267888e-07	0.816841133633847	0.144984163048336	0.0381743769720073
chr6	44376016	+	chr17	35089186	+	3.02427478859886e-37	0.000736612330101501	0.975041132674265	0.0242222549956378
chr6	63657132	+	chr6	63662471	-	7.92504988553056e-22	1.98232552790111e-05	0.00486834044176487	0.995111836302961
chr6	119253165	+	chr6	119306863	-	9.98627335744012e-12	0.0217573685941985	0.0992478507226827	0.878994780673129
chr6	120010234	+	chr6	120773738	-	2.82043485486535e-14	0.00116901211222826	0.0217191154203174	0.977111872467422
chr6	154836654	-	chr8	41505942	+	5.19903181757285e-23	9.96765786353591e-06	0.00334950235234144	0.996640529989801
chr6	155881340	+	chr13	103962405	-	3.71381145728311e-13	0.879697079997014	0.119347434964358	0.000955485038266726
chr6	156309576	-	chr13	84030477	+	1.07483801512778e-27	3.06943647230825e-07	0.000725711694970821	0.999273981361392
chr6	156892331	+	chr6	156912481	-	1.79848833622791e-09	0.181231225262347	0.224661646363171	0.594107126575992
chr7	987031	+	chr7	1033808	-	6.93492372841941e-21	2.45501727998384e-05	0.00451153367801441	0.995463916149172
chr7	8016184	+	chr7	8068243	-	0.00037441805695875	0.955093735011822	0.0406000799892472	0.0039317669419679
chr7	11929600	-	chr7	12250623	+	1.26281658576862e-19	1.56503327712378e-05	0.00273041808518986	0.997253931582029
chr7	27886343	+	chr7	28153333	-	6.89230461993495e-09	0.309511621264078	0.264264556644206	0.426223815199416
chr7	28850606	+	chr7	28855152	+	1.13025216198059e-18	0.000239195918682856	0.015033322952463	0.98472748112885
chr7	32847097	+	chr7	33002815	-	5.11458466037e-12	0.167488840898751	0.334711879953601	0.497799279142523
chr7	39982193	+	chr7	40218330	-	3.71952011078717e-26	7.02681308145903e-08	0.000217118110140861	0.999782811621728
chr7	50555664	-	chr22	29850379	+	6.23647910709736e-05	0.967076719485381	0.0314361014697967	0.00142481425375576
chr7	50620341	+	chr17	63056969	-	0.999991769135756	8.2307500859978e-06	1.14153311908758e-10	1.46817847015091e-15
chr7	51077682	-	chr22	29825216	-	0.999987232974618	1.27667293861812e-05	2.95981802942636e-10	9.46115906270983e-15
chr7	87011641	+	chr7	87014249	-	0.0483056157302683	0.908934440029594	0.0351961289517842	0.00756381528835048
chr7	91963100	+	chr7	91993198	-	2.03991912675276e-11	0.36435548560948	0.384260195264456	0.251384319105671
chr7	92002322	+	chr7	92015390	-	7.62040697213922e-10	0.764833672959736	0.206858257924475	0.0283080683537494
chr7	105043530	+	chr7	105181069	-	1.80583719275297e-32	3.29152315849553e-08	0.000381554420005024	0.999618412664762
chr7	105082081	+	chr7	105188336	-	1.88437779220454e-05	0.9956524476514	0.00432438143152896	4.32713913463031e-06
chr7	105272108	+	chr7	105708009	-	8.09508182762131e-18	0.958615345846621	0.0413829301716176	1.72398175817042e-06
chr7	133384915	+	chr7	135281370	-	7.57488084780792e-23	2.30005122805076e-06	0.0012493743739938	0.998748325574789
chr7	135278362	-	chr7	135280650	+	0.00186526924805697	0.94360759062161	0.0473341070586581	0.00719303307167101
chr7	140905946	+	chr7	141117960	-	6.74219726881696e-20	0.0301010655759626	0.439650807684801	0.530248126739248
chr7	151420520	+	chr7	151462164	-	1.026205229423e-137	3.44500383489625e-43	1.95982038871607e-19	1
chr8	39631659	-	chr8	39650154	-	0.999750118244402	0.000249880225083336	1.53051479591866e-09	1.2505974971552e-15
chr8	41490092	-	chr8	41494084	-	1.30230120593949e-18	0.00105344828852741	0.0369057091060806	0.962040842605384
chr8	60452070	+	chr8	60510373	-	7.87589845480011e-13	0.0370872323498844	0.157748126943763	0.805164640705566
chr8	61868736	-	chr8	64247777	-	0.998020398214961	0.00197334957580711	6.10827501507138e-06	1.43934217960319e-07
chr8	65650657	+	chr8	65773767	-	1.0536899103656e-21	0.000633740993065843	0.0483565050881742	0.951009753918751
chr8	69794979	-	chr8	70430527	+	0.991549044968422	0.00841622055137154	3.38140754663613e-05	9.20404741624891e-07
chr8	89840807	-	chr8	90311794	+	5.80881242947655e-08	0.0790148631193653	0.114545204334372	0.806439874458145
chr8	94628592	+	chr8	94871077	-	4.3491701131502e-10	0.0468416472947607	0.114902094535197	0.838256257735127
chr1	186121827	-	chr1	186233796	-	4.8269781905892e-21	0.000170780448088865	0.016097108680919	0.983732110871014
chr1	186230228	+	chr1	186235579	-	2.65898540582452e-15	0.00211260076101491	0.0339294083270166	0.963957990911955
chr1	186255650	+	chr18	25736425	-	2.37027096518852e-119	5.05216026416097e-29	1.7707261714171e-11	0.999999999982265
chr1	189132744	-	chr1	189224782	-	1.36779698024936e-116	2.52300234788147e-24	1.02841349532365e-07	0.999999897158665
chr1	189148304	+	chr1	189282131	-	1.44677277260439e-35	0.890807447439401	0.109192552421342	1.39244660675498e-10
chr1	189290884	+	chr18	26314565	+	8.8961135425764e-138	4.07981569869595e-39	3.48569485765345e-17	1
chr1	189461646	+	chr1	193128466	-	3.94338359402589e-120	2.88751282713022e-31	7.84064579360781e-13	0.999999999999204
chr1	190084819	-	chr1	190118926	-	1.19383672287325e-125	3.17405442423075e-21	0.000856306527454455	0.999143693472558
chr8	103584982	-	chr8	120375451	-	1.73774842479587e-111	3.67037950572744e-27	6.66762189267226e-11	0.999999999933323
chr8	106701268	-	chr8	112835553	+	3.61565663896847e-42	2.31921147191985e-08	0.00143999263713128	0.998559984170754
chr1	196705039	-	chr13	111458682	+	9.16596988777812e-35	8.50649907626608e-10	4.07684037959827e-05	0.999959230745541
chr8	106723870	+	chr8	112745128	+	3.79576004817716e-55	2.10140629258024e-09	0.00296285072733807	0.997037147171262
chr8	106960454	-	chr8	110654629	-	2.06591335417146e-46	4.27102755851623e-06	0.137425566091105	0.862570162881319
chr1	198277176	-	chr4	107573763	+	1.98205518433109e-70	2.03189563326164e-12	0.000952153717455946	0.999047846280493
chr8	112680353	-	chr8	115071956	-	4.6056395989765e-27	0.988057160191281	0.0119428370503605	2.75838328172253e-09
chr8	112763277	-	chr8	120045846	+	2.681313822378e-97	1.97138531281035e-27	1.76344393459783e-12	0.999999999998238
chr8	112801620	-	chr8	121100710	+	2.15213598142542e-39	1.8989479868186e-08	0.000797392961989279	0.999202588048549
chr8	115142976	+	chr8	115151140	+	0.999999982370611	1.76293585116737e-08	2.26963939322809e-14	3.47450129842002e-20
chr1	208097534	+	chr1	208167579	-	1.62227061279032e-116	2.29804195018142e-34	6.22233465538877e-15	1
chr8	115744226	+	chr19	4642536	+	4.2163609763769e-10	0.190853261299841	0.248418390184168	0.560728348094366
chr1	220673559	-	chr1	221027917	+	7.16173571565654e-23	2.57149845061768e-06	0.00136838903758784	0.998629039463972
chr8	116714990	+	chr8	116842359	-	2.5502388706429e-22	0.000507423071311148	0.0390739052491209	0.960418671679548
chr1	223890331	-	chr19	30202539	+	6.46171513199871e-13	0.620507930793312	0.329451410127158	0.0500406590788938
chr1	228187700	-	chr1	230598581	+	7.59341615388804e-07	0.964090247747974	0.0351576584121486	0.000751334498266429
chr8	117853402	+	chr8	117923480	-	0.00098404068002782	0.936926054025341	0.0515478358502538	0.0105420694443687
chr1	235643644	+	chr1	246263865	-	7.1237503537216e-17	0.000129557448844906	0.00711220236643378	0.992758240184721
chr8	117905461	+	chr8	117974848	-	1	9.72557423659771e-32	3.97362758598384e-61	7.71316005942408e-102
chr2	20172640	+	chr19	37807907	+	0.999999238827575	7.61163376903739e-07	9.03608888560572e-12	2.21044866334668e-16
chr8	118118849	+	chr8	118890215	-	4.38262339712031e-09	0.256819893582189	0.237658412585053	0.505521689450123
chr2	20301952	+	chr2	20331704	-	9.16133488963521e-34	9.95554056477607e-08	0.000966075345271545	0.999033825099347
chr2	35608151	-	chr22	28669579	+	2.48984226485351e-23	0.000531773987435561	0.056279776251497	0.943188449761069
chr8	118898025	+	chr8	119101605	-	3.32464645217936e-34	9.65774345194551e-06	0.020048611168926	0.979941731087595
chr2	38579065	+	chr2	38804691	-	1.36854760679374e-05	0.685807802650261	0.168783943762523	0.145394568111148
chr8	122088468	-	chr8	122090472	+	0.155013467378577	0.828572680945236	0.015097077652464	0.00131677402372089
chr2	39170552	+	chr2	39289190	-	9.72420742915465e-11	0.0318617399912634	0.100360388199972	0.867777871711523
chr8	122404007	-	chr8	122407187	+	0.957467513481724	0.0422839798382987	0.000240207522395636	8.29915757730154e-06
chr2	53537965	+	chr2	53539243	-	2.2117361438195e-09	0.909782951613532	0.0881939814275203	0.00202306474721285
chr2	53540235	+	chr2	53545557	-	4.93088801306387e-10	0.0719846565414013	0.15388199923291	0.774133343732592
chr8	125359358	-	chr8	131104084	-	1.70522780797584e-57	1.54725399822614e-13	7.17907051531995e-06	0.999992820929341
chr2	61331593	+	chr2	61381397	-	0.827718273525941	0.170223369996043	0.00191754601012782	0.000140810467885357
chr2	72378849	-	chr2	72393722	-	6.6289027877117e-22	0.012066276799033	0.427284189674114	0.56064953352686
chr2	72384748	-	chr2	72390031	-	2.94135562342416e-16	0.00454853231891712	0.0713085148049426	0.924142952876146
chr2	78774524	+	chr2	152030307	-	3.3624966429866e-07	0.677438623786317	0.210950127453711	0.111610912510316
chr2	84674549	+	chr2	85000558	-	4.4907249790052e-17	0.000854436121020617	0.028055839564238	0.971089724314731
chr2	96184206	-	chr2	191556343	+	2.30274699863528e-54	3.53863908279849e-13	9.06343082585354e-06	0.999990936568825
chr2	100497362	-	chr2	181187679	+	1.04858251847379e-06	0.419126133774859	0.216979512206904	0.363893305435712
chr2	100513880	+	chr2	181184166	-	5.55543071573649e-06	0.956961919938256	0.0411399857895701	0.00189253884145221
chr2	100669426	-	chr2	103272215	+	5.08791268617383e-05	0.964040987013686	0.034439445792261	0.00146868806719525
chr2	100682303	-	chr2	181186795	+	3.78817575133639e-12	0.492734264537203	0.393921497369162	0.113344238089844
chr2	103271836	+	chr2	103275825	+	0.999998993056787	1.00693669296437e-06	6.51592911782898e-12	3.81668702287166e-17
chr2	148043325	+	chr2	148166767	-	0.850279155142558	0.149440079538817	0.000279460703274467	1.30461535040243e-06
chr2	159776059	+	chr2	160374231	-	5.19320001972316e-08	0.499628792560207	0.256671713471747	0.243699442036056
chr2	160341097	+	chr2	160348104	-	1.04188407954043e-45	2.39462660763841e-12	6.82831537254896e-06	0.999993171682242
chr2	181187674	-	chr2	182165109	+	0.0294865409058788	0.873429481731723	0.0640154432220793	0.0330685341403241
chr8	134070649	+	chr10	123694527	+	1.88834232274652e-10	0.127849555884907	0.219493069370435	0.652657374555813
chr2	182165279	+	chr2	182166351	-	0.000182518852710847	0.93414118345682	0.0562650022687182	0.00941129542174711
chr8	136230067	-	chr8	144030749	-	1.08563586996386e-56	7.51762031230905e-09	0.0116787936037223	0.988321198878667
chr2	182311950	-	chr6	35352037	-	9.78201500540361e-14	0.408500623081894	0.451035800834479	0.140463576083523
chr8	136659108	-	chr8	143223365	-	8.88463936384322e-31	0.00318545809963004	0.520450723548399	0.476363818351975
chr8	136776128	+	chr8	144893770	-	3.06998890129091e-125	3.89915493068937e-25	9.49176068700913e-08	0.999999905082409
chr2	182324856	+	chr2	182328046	+	8.84944238527304e-05	0.920285433258559	0.0664728019794705	0.0131532703381244
chr8	140549799	+	chr8	140887852	-	2.04341075696695e-07	0.846540587771811	0.129890152813333	0.0235690550737829
chr2	185527502	+	chr2	185806882	-	0.00812378360919262	0.94742125816324	0.0380573407164861	0.00639761751107885
chr8	140565479	+	chr8	140613092	-	2.05679236671238e-07	0.921821559750668	0.0736724542944017	0.0045057802756875
chr8	140647711	+	chr8	140891819	-	1.79699630682587e-16	0.0247973070536427	0.21222869261676	0.762974000329609
chr2	197440819	-	chr2	200488820	+	1.26103533233574e-22	4.44903904124919e-06	0.00189917839273577	0.998096372568214
chr8	144027116	+	chr8	144041039	+	2.28363310634856e-13	0.0209624462236411	0.10993885528248	0.869098698493646
chr2	233748060	-	chr2	233907745	+	5.61807080750381e-26	0.970894460421394	0.0291055395277395	5.08637619352031e-11
chr9	21621788	+	chr9	21738138	-	6.9921220950054e-07	0.746080914271405	0.182120173070911	0.0717982134454771
chr9	33941415	+	chr9	34038292	-	0.999646755051405	0.000353185831703858	5.90975209844372e-08	1.93710241390064e-11
chr9	34038390	-	chr9	34252652	-	1.34568534539803e-12	0.571943189464712	0.369018844740835	0.0590379657930978
chr9	94196107	+	chr9	94199598	-	0.000117571957522003	0.938515612316459	0.0544597261845336	0.00690708954149716
chr9	112049248	+	chr9	112264721	-	6.70511894231793e-15	0.000869499872019043	0.0188075822008141	0.980322917927166
chr9	114638022	-	chr9	114862480	+	0.203815923437941	0.786497004960506	0.00928268413242282	0.000404387469133741
chr9	123447627	+	chr9	123840048	-	9.90401677366216e-29	2.7854029428817e-06	0.00532347034402679	0.994673744253028
chr9	124355068	-	chr9	124362362	-	3.52902519924639e-22	4.84273064312024e-05	0.00853899951072604	0.991412573182842
chr9	126747456	-	chr9	126942773	+	0.9919551432598	0.00800719548688784	3.6476758597562e-05	1.1844947173093e-06
chr9	137454422	+	chr9	137584211	-	1.63555154522013e-15	0.00263261756373466	0.041787094326598	0.955580288109664
chr10	34701365	+	chr10	34786626	-	0.00581364815654832	0.936429506828483	0.047468945421933	0.0102878995930349
chr10	36884505	+	chr10	36886530	-	0.999999890537025	1.09457343616365e-07	5.63292919877657e-12	1.53489952513088e-15
chr10	41831145	+	chr17	42912969	+	8.33797620447197e-16	0.00342269498302357	0.0552573406924829	0.941319964324481
chr10	72062488	-	chr10	72077181	+	0.000210152993940925	0.970334547093669	0.0283072389251887	0.00114806098719679
chr10	87042107	-	chr10	87057709	+	6.16177653086962e-06	0.514135298616499	0.194589909659367	0.291268629947599
chr10	89802570	+	chr19	30135219	-	4.475097949868e-05	0.931106195147853	0.0600289300985724	0.0088201237740865
chr10	108047091	+	chr10	108057884	-	0.999491191241357	0.000508685629785638	1.23055627030831e-07	7.32285326661609e-11
chr10	108053660	+	chr10	108058865	-	0.999881355985779	0.000118578846806242	6.49970450257325e-08	1.70367878313962e-10
chr11	848741	-	chr11	1047850	+	1.71615919857457e-25	0.000145922942730286	0.0453242440340766	0.954529833023204
chr11	1329874	+	chr11	1373538	-	2.05538383558224e-30	5.18991173679254e-09	7.55162798413763e-05	0.999924478530259
chr11	16460724	+	chr11	37226884	-	0.719876605566787	0.279139046751994	0.000975813443934956	8.53423728499006e-06
chr11	47015027	+	chr11	48925382	-	4.77069212141401e-11	0.420595648124294	0.382327221604047	0.19707713022394
chr11	47558755	-	chr16	17201377	+	7.81690783256932e-54	8.49069968942614e-17	1.94504455740883e-08	0.999999980549547
chr11	48499361	+	chr11	59761085	-	7.95959227197154e-37	9.69346648013558e-09	0.000416271411824289	0.999583718894698
chr11	50366309	+	chr11	56138450	-	0.99986871282086	0.000131137730457906	1.48207525669733e-07	1.24115678661776e-09
chr11	57796849	+	chr11	58647516	-	3.35582793075279e-13	0.060229188911721	0.219928054019073	0.71984275706886
chr11	58813339	+	chr11	72009621	-	5.79794193927401e-05	0.909707235270844	0.0762815440119894	0.013953241297769
chr11	63150038	+	chr11	64871634	-	3.41720886607009e-06	0.896667016903672	0.0893851916803915	0.0139443742070683
chr11	67149641	+	chr11	67191117	-	1.6948858611475e-25	1.61239192557488e-06	0.00163959033705695	0.998358797271017
chr11	68934377	+	chr11	69127689	-	1.1217283188712e-12	0.0545697704767313	0.198820195454359	0.746610034067781
chr11	72847169	+	chr11	73109000	-	4.6487611425524e-09	0.7692248448899	0.197807560319064	0.0329675901422727
chr12	45805042	+	chr12	45992643	-	5.16348410417177e-41	3.50992914112125e-12	3.27673319321124e-06	0.999996723263305
chr12	46262529	+	chr12	46274204	-	5.14973611513168e-11	0.932274788678846	0.0672115013862224	0.000513709883436611
chr12	111617773	-	chr12	111619530	+	1.08892251002251e-08	0.945574054445292	0.0537185799908446	0.000707354674641509
chr12	119630834	-	chr12	119675931	+	8.9485655269331e-06	0.52646357795085	0.188632519003593	0.284894954480036
chr12	122494129	+	chr12	122497247	-	5.53619913166632e-31	0.000382451379784543	0.229234714739067	0.770382833881137
chr13	29871064	-	chr13	29921684	-	2.44195179887452e-44	3.69227505236903e-09	0.00081952101846082	0.999180475289292
chr13	31134413	+	chr13	31394162	-	0.999999999329845	6.70149538208944e-10	1.70832574235215e-18	2.66406916102602e-28
chr13	32767646	-	chr13	32768991	-	0.00180074831223039	0.925020515199893	0.0578748470168753	0.0153038894710122
chr13	33704604	+	chr19	29192573	+	4.5369909114564e-152	5.28029222416297e-40	1.63865183979812e-16	1
chr13	42100502	-	chr13	42441164	+	0.0146064754825166	0.95201318049178	0.0302722051644041	0.00310813886129761
chr13	46722960	+	chr13	46762927	-	2.69326425284487e-78	5.00104699975746e-24	3.22574764752553e-11	0.999999999967741
chr13	81438826	+	chr13	81442161	-	5.36519800633751e-06	0.426652604151216	0.193170818369131	0.380171212281652
chr13	105196418	+	chr13	105452822	-	0.999999741226345	2.58744322344499e-07	2.93102841634639e-11	2.22679713780837e-14
chr3	3811033	+	chr3	6955601	-	0.000255124999301246	0.88218073912874	0.085888821412728	0.0316753144592252
chr13	111259094	+	chr13	111270756	-	1.38051739869899e-36	1.24014971374758e-10	1.57021096589257e-05	0.99998429776632
chr14	20825030	-	chr14	21147471	+	1.04790075785981e-11	0.997769844811518	0.00223013655938368	1.86186064591417e-08
chr14	21303814	-	chr14	21312911	-	2.27743247875389e-10	0.999545015397411	0.000454983846016778	5.28830076294577e-10
chr3	3835649	+	chr3	3838103	-	0.999986416380382	1.35760336349696e-05	7.55243561053919e-09	3.3548752473362e-11
chr14	21307418	+	chr14	21310524	+	0.999979136384477	2.08628535442399e-05	7.6192824411893e-10	4.60168848763984e-14
chr14	22953475	+	chr14	22965074	-	0.999999982924251	1.70755849137038e-08	1.61511152424975e-13	4.39720586779e-18
chr14	29712817	+	chr14	69350451	-	4.10818985048109e-20	3.44858450993377e-05	0.00500627648079959	0.994959237674109
chr14	41691995	+	chr14	42146055	-	0.994320800827627	0.00567237537920358	6.79888854671202e-06	2.4904629363489e-08
chr14	44986798	+	chr14	45091610	-	3.85307005500253e-29	1.60367786620753e-09	2.73856637692844e-05	0.999972612732548
chr14	51678997	+	chr14	51692354	-	5.98313401724312e-11	0.0514211956284001	0.150540815815406	0.798037988496366
chr14	56148321	+	chr17	34721495	-	7.28934536315634e-19	0.325059488745661	0.630479029882709	0.0444614813716434
chr14	77501619	-	chr14	77910485	+	1.52413505878391e-11	0.0100364719581528	0.0555692377357341	0.934394290290869
chr3	6774070	-	chr19	30135027	+	7.38610077262099e-18	0.000223160143886764	0.011367154530118	0.988409685325968
chr14	90906852	+	chr14	91096650	-	6.44516806818341e-12	0.031383707437934	0.121728149540886	0.846888143014734
chr14	97385554	-	chr14	97400112	+	1.88432109050691e-33	5.37009388011507e-05	0.101821539606489	0.898124759454711
chr14	103182632	-	chr14	103344211	+	0.00202057754647069	0.972847071657788	0.0237918599240873	0.00134049087165679
chr15	22630583	+	chr15	22915359	-	7.92245118597971e-07	0.967592576989232	0.0319053309472017	0.00050129981845238
chr15	44337098	+	chr15	44389271	-	2.74231810628068e-05	0.580588069751207	0.177096903172845	0.242287603894886
chr3	7301854	-	chr3	46888447	+	1.6189847078941e-12	0.152271642382579	0.332647288405377	0.515081069210436
chr15	57009650	+	chr15	57018080	-	2.31383212119702e-24	1.23048269211458e-06	0.00115337743779376	0.998845392079526
chr15	58634325	-	chr15	58646515	+	2.96806611928099e-09	0.475136295934286	0.308209807070222	0.216653894027434
chr15	58745119	+	chr15	58758830	-	1.06252280397214e-19	7.26964923057189e-05	0.00822712204737893	0.991700181460303
chr3	7367262	+	chr9	124424333	+	3.17514547086916e-06	0.987008768233849	0.0129120359898091	7.60206308782657e-05
chr15	98891721	+	chr15	99119229	-	6.29635100272969e-30	2.22227449303279e-08	0.000187283795495573	0.999812693981747
chr16	8812079	+	chr16	8837122	-	1.06252280397217e-19	7.26964923057231e-05	0.00822712204737893	0.991700181460303
chr16	8863302	+	chr16	8920182	-	1.96625757721389e-21	5.34089583471553e-06	0.001867118546	0.998127540558161
chr16	15479472	-	chr16	25890558	-	1.41854958897265e-66	8.90500357032273e-10	0.0825869222058371	0.917413076903658
chr16	30449480	+	chr16	30611142	-	1.38967131749559e-27	6.86968644153017e-07	0.00119967136494252	0.998799641666411
chr3	9049389	+	chr3	9060534	-	5.07553874234194e-25	0.999998509478618	1.49052139206383e-06	1.64130773589328e-20
chr16	51637883	+	chr16	51641189	-	2.21886950366358e-13	0.00248336255075976	0.0286495538255689	0.968867083623456
chr16	52312644	+	chr16	52498481	-	3.78629116679852e-12	0.00591138346536162	0.0418211264245968	0.952267490106255
chr16	69327141	+	chr16	69617046	-	3.67962299825368e-30	0.000195960359940405	0.128509741828372	0.871294297811675
chr16	74318666	+	chr16	74401809	-	2.42546016157823e-32	0.000138682936776921	0.125565554326935	0.874295762736315
chr16	89361924	+	chr16	89408121	-	2.03868263040412e-17	0.000407428212102493	0.0164434885537015	0.983149083234184
chr16	89369345	+	chr16	89416304	-	4.18477186643967e-13	0.8590179344494	0.139457740929496	0.00152432462069492
chr17	1386937	+	chr17	1413708	-	3.18701835464104e-08	0.800466387946135	0.169709591264905	0.0298239889187787
chr17	2621557	+	chr17	2665871	-	2.54514632156717e-06	0.964108194572022	0.0350136041241373	0.000875656157526743
chr3	11308982	+	chr3	11319305	-	5.45122842541076e-31	0.00408206452282213	0.531614417325745	0.464303518151415
chr3	12119584	-	chr3	12120583	-	6.24137878166695e-30	0.0888662614296312	0.89457476110453	0.0165589774658734
chr17	27892998	+	chr17	28032470	-	5.75194468383406e-07	0.982731375527062	0.0170791140164407	0.000188935262014235
chr3	12205007	-	chr10	75587961	-	2.44771184134221e-15	0.998903547149329	0.00109645232858251	5.22074550719382e-10
chr3	12205727	-	chr10	75468515	-	7.79944413406752e-36	4.13860411303326e-09	0.00014658861934831	0.99985340724206
chr17	28176474	-	chr17	28179472	-	7.82525677624387e-33	0.00997276475227036	0.819715609948858	0.170311625298868
chr3	18476546	-	chr3	20009533	+	9.31540429170977e-48	3.45601908309715e-11	5.12189655025863e-05	0.999948780999963
chr3	27118597	-	chr22	45657689	+	2.51681702442588e-40	2.98653081431465e-11	1.18640232200167e-05	0.999988135946928
chr3	27557096	+	chr3	27742547	-	0.0171863789117365	0.923151136674434	0.0469687369211422	0.0126937474926923
chr3	37531874	+	chr3	37686204	-	1.22193157023294e-16	0.0041044479401309	0.0735291153446195	0.922366436715246
chr3	37603216	-	chr17	30631708	+	6.40857881624928e-35	0.000160947605950514	0.343929840095041	0.655909212299013
chr3	46826530	-	chr17	31769522	-	3.0273327993127e-35	0.00331148740830807	0.90488107721633	0.0918074353753799
chr3	46984983	+	chr3	47398907	-	2.07227807579034e-19	0.000160165082693453	0.0118486023184043	0.987991232598902
chr3	48710139	+	chr3	48989039	-	4.7896741937966e-77	1.65179260745098e-17	1.33020135517847e-06	0.999998669798661
chr3	65927206	-	chr3	65933552	+	0.0484780727701092	0.944847391198746	0.00659356928518692	8.09667459528438e-05
chr3	71234061	+	chr3	71495319	-	6.22284123187663e-06	0.877530560687953	0.103273359594509	0.0191898568763023
chr3	72946048	+	chr3	73001740	-	4.27323163720829e-27	1.38214470781604e-07	0.000403219113640356	0.999596642671894
chr3	96397949	+	chr8	25090688	-	0.999999871252521	1.28747336023507e-07	1.4129820741348e-13	3.56386449553441e-20
chr3	100224386	-	chr8	25090165	+	0.999916895062752	8.31046128623006e-05	3.24392478620244e-10	1.90125396462856e-16
chr3	136156690	+	chr3	136733914	-	2.41620804316828e-05	0.658729053204638	0.16760891724292	0.173637867472024
chr3	136738987	+	chr3	136744791	-	3.62167696932127e-33	1.18737134592738e-05	0.0334228881382752	0.966565238148267
chr3	141531279	+	chr3	141545809	-	1.04109468429936e-11	0.00361326531240129	0.0284193589674113	0.96796737570978
chr3	144042777	+	chr3	144080352	-	3.64297549962282e-22	0.0113648592459855	0.424664006176072	0.563971134577955
